---------------------------------
    Results for GMC_10075_G5_5uM_Day6.avi 
---------------------------------
Raw data:
Particle    BPM    Bend Measure    Speed    Area    Appears in frames    Region
0    26.717557    3.344220    0.008203    0.008712    289    all
1    31.331593    1.460632    0.013035    0.007986    1150    all
2    30.000000    3.027558    0.012671    0.004114    238    all
3    40.469974    1.989318    0.028644    0.007502    1148    all
4    17.754569    1.646268    0.006046    0.007018    1150    all
5    44.386423    3.703249    0.019413    0.008349    1150    all
6    29.925187    2.515158    0.013343    0.010285    397    all
7    0.522193    1.853349    0.000633    0.010890    1145    all
8    18.531469    1.258013    0.009804    0.008288    801    all
9    23.653846    1.265070    0.003942    0.005929    513    all
10    24.804178    2.811212    0.009874    0.009559    1150    all
11    6.936416    3.717311    0.003112    0.008712    322    all
12    2.008032    2.759681    0.000719    0.008591    708    all
13    54.545455    3.584206    0.021376    0.005808    598    all
14    25.581395    2.147233    0.019217    0.006292    499    all
15    35.647059    3.336590    0.019525    0.006655    850    all
16    39.686684    1.948450    0.022608    0.009075    1150    all
17    66.734694    3.025070    0.044274    0.007865    978    all
18    30.548303    1.310997    0.017538    0.007139    1148    all
19    28.502879    3.132524    0.014802    0.007744    1033    all
20    27.318718    3.203933    0.000922    0.008591    528    all
21    24.545455    4.640126    0.035158    0.012705    221    all
22    7.310705    2.319945    0.000298    0.010890    1105    all
23    16.944444    1.118781    0.009155    0.008349    1075    all
24    33.420366    2.526520    0.019695    0.004719    1150    all
25    0.000000    2.622660    0.000348    0.007260    1118    all
26    20.626632    3.262490    0.010690    0.007865    1149    all
27    0.000000    4.143922    0.000531    0.008833    945    all
28    2.610966    1.690957    0.002087    0.005566    1148    all
29    23.541247    1.741328    0.023279    0.010406    492    all
30    40.449438    2.741113    0.015489    0.009317    345    all
31    0.000000    2.648520    0.001327    0.007623    512    all
32    31.103679    2.443340    0.019574    0.007139    293    all
33    25.448029    2.527173    0.013698    0.006776    836    all
34    4.960836    3.501666    0.002128    0.007502    1150    all
35    0.969305    3.141565    0.000429    0.006050    482    all
36    32.584270    1.655971    0.015188    0.007623    267    all
37    25.107296    1.760239    0.007656    0.009317    462    all
38    39.947781    1.782830    0.038999    0.007683    1150    all
39    29.213483    2.762136    0.011128    0.009438    252    all
40    43.566176    2.426995    0.080036    0.006292    541    all
41    11.749347    2.658604    0.000384    0.006776    1150    all
42    25.065274    2.317858    0.010732    0.006171    1119    all
43    25.842697    3.648233    0.001049    0.005203    263    all
44    0.522193    1.732104    0.000284    0.008228    1150    all
45    39.506173    3.453847    0.033064    0.008107    237    all
46    52.219321    1.359474    0.001129    0.003751    1101    all
47    37.200000    2.029850    0.011079    0.003751    238    all
48    12.423313    1.282377    0.001053    0.007260    652    all
49    45.468750    3.017468    0.012023    0.009196    615    all
50    17.814727    4.240031    0.000652    0.006050    756    all
51    23.237598    3.888729    0.011144    0.008591    1149    all
52    5.221932    3.046190    0.006438    0.010285    1150    all
53    33.745365    3.689306    0.020413    0.004477    805    all
54    12.500000    2.070388    0.010395    0.007139    339    all
55    12.271540    2.747928    0.005242    0.005445    1150    all
56    49.816850    2.199988    0.031749    0.008228    792    all
57    61.439114    2.666784    0.022790    0.007865    515    all
58    40.506329    1.376935    0.016063    0.007381    226    all
59    9.660574    3.906755    0.000346    0.006413    1064    all
60    20.000000    2.368742    0.020374    0.008470    389    all
61    13.580247    3.611748    0.007796    0.008107    953    all
62    31.937173    1.339688    0.019979    0.003509    570    all
63    25.190840    2.386831    0.021528    0.006534    250    all
64    25.352113    1.212435    0.031038    0.010164    618    all
65    35.294118    2.163913    0.001394    0.005687    200    all
66    44.728916    1.681910    0.023451    0.005324    661    all
67    51.913478    2.713963    0.036812    0.005324    598    all
68    54.702495    3.654838    0.024861    0.008591    889    all
69    0.000000    2.663330    0.000427    0.007381    1150    all
70    6.527415    1.231271    0.002060    0.003993    1133    all
71    48.541863    3.229424    0.030102    0.005929    1061    all
72    9.138381    3.856129    0.007238    0.012100    1149    all
73    74.151436    2.528093    0.024587    0.003993    1147    all
74    10.966057    2.739001    0.000897    0.008349    899    all
75    39.647577    1.153819    0.022284    0.003751    224    all
76    0.000000    1.263936    0.001040    0.008833    1146    all
77    41.785714    2.724982    0.029746    0.008712    1107    all
78    50.476190    3.647531    0.027885    0.007865    311    all
79    30.344828    0.855406    0.035206    0.009196    431    all
80    0.000000    2.798813    0.000875    0.004719    1142    all
81    0.000000    0.115896    0.000367    0.010890    991    all
82    40.783410    2.154691    0.023347    0.007744    431    all
83    33.834586    3.525029    0.028111    0.007018    257    all
84    17.419355    2.500384    0.008231    0.003509    451    all
85    38.709677    2.501239    0.014108    0.005929    588    all
86    53.263708    2.296505    0.027821    0.006655    1150    all
87    35.330579    3.100706    0.021880    0.003146    958    all
88    8.768267    1.473159    0.000625    0.008107    590    all
89    9.597523    3.039606    0.005702    0.006292    968    all
90    48.825065    0.994346    0.025836    0.007502    1141    all
91    8.256881    3.452932    0.004758    0.010043    546    all
92    21.671018    2.332897    0.006159    0.007744    1141    all
93    32.823529    2.235012    0.023206    0.008591    851    all
94    34.343434    2.620838    0.025476    0.003509    587    all
95    11.749347    2.947456    0.000598    0.007018    1141    all
96    0.000000    2.473106    0.001234    0.006534    1149    all
97    31.284916    1.582164    0.023819    0.005687    528    all
98    41.593886    1.975708    0.014830    0.009075    916    all
99    18.276762    3.637007    0.005046    0.008349    997    all
100    51.735722    1.833873    0.019323    0.008107    885    all
101    16.423358    3.227281    0.005192    0.006897    268    all
102    13.450292    2.784669    0.004563    0.008833    1027    all
103    45.430809    0.556564    0.029521    0.006413    1146    all
104    36.809816    2.582551    0.012884    0.003388    327    all
105    19.843342    1.912954    0.005370    0.004840    1150    all
106    23.498695    4.050623    0.006216    0.006050    1148    all
107    41.465969    2.492458    0.037625    0.007744    955    all
108    25.000000    2.850358    0.006744    0.008591    419    all
109    28.467153    2.869845    0.011909    0.009438    263    all
110    17.968750    2.372897    0.010935    0.006534    380    all
111    6.266319    1.681891    0.002993    0.010043    1148    all
112    6.005222    3.243827    0.000867    0.006352    1150    all
113    4.699739    3.246920    0.004103    0.009801    1127    all
114    41.785714    0.816092    0.020086    0.005082    270    all
115    22.304833    0.860371    0.008093    0.003993    267    all
116    0.000000    3.004878    0.002362    0.008470    938    all
117    12.570781    0.668472    0.004280    0.007502    846    all
118    71.018277    3.430341    0.033210    0.008772    1133    all
119    18.199609    2.361863    0.020023    0.008228    482    all
120    35.770235    2.446498    0.011690    0.004356    1128    all
121    28.504233    2.848738    0.019751    0.008712    1049    all
122    20.365535    1.344944    0.004207    0.009075    1102    all
123    26.892950    2.886014    0.015332    0.008107    1149    all
124    25.531915    2.663558    0.001343    0.009075    329    all
125    44.505495    2.825243    0.012230    0.005808    856    all
126    30.548303    2.797630    0.000494    0.005566    1150    all
127    16.996403    1.933498    0.012837    0.008228    1113    all
128    55.533199    2.448746    0.027697    0.006534    494    all
129    27.207637    1.176003    0.012207    0.004719    393    all
130    52.552553    3.918689    0.021111    0.009559    987    all
131    23.376623    2.667804    0.011174    0.005082    228    all
132    31.793478    0.350206    0.000757    0.008349    733    all
133    18.276762    2.370339    0.010178    0.011737    1136    all
134    52.173913    1.650652    0.019400    0.008349    350    all
135    19.321149    1.423123    0.003644    0.008349    1147    all
136    36.031332    3.359597    0.018310    0.005566    1149    all
137    73.750000    2.837574    0.029874    0.003751    713    all
138    35.509138    2.321187    0.016213    0.009680    1148    all
139    4.177546    0.486138    0.000373    0.005324    1110    all
140    42.510121    1.106795    0.020093    0.005687    247    all
141    57.883817    1.967001    0.017560    0.006050    472    all
142    33.720930    3.475795    0.022029    0.007381    248    all
143    19.321149    0.404398    0.004022    0.007744    1150    all
144    10.714286    1.873224    0.004784    0.007986    308    all
145    57.142857    3.660647    0.026475    0.009680    379    all
146    24.511545    2.794476    0.016747    0.007623    1114    all
147    57.220708    0.222796    0.006668    0.004719    366    all
148    28.981723    1.009037    0.019849    0.012221    381    all
149    36.746988    1.359459    0.000413    0.005445    405    all
150    20.383275    2.212502    0.001224    0.007260    1048    all
151    34.982332    1.824441    0.008643    0.006655    284    all
152    41.295547    2.510040    0.017211    0.007260    247    all
153    38.228155    1.300266    0.017667    0.010164    813    all
154    24.096386    2.816854    0.008454    0.007260    393    all
155    22.189349    2.101099    0.001059    0.007018    327    all
156    38.956311    2.483501    0.013079    0.008470    806    all
157    18.595041    2.025879    0.006105    0.008712    230    all
158    36.000000    0.987015    0.024314    0.007865    271    all
159    6.504065    3.008565    0.000439    0.011555    244    all
160    58.333333    2.239151    0.037789    0.008712    320    all
161    40.369393    3.284559    0.016131    0.004719    380    all
162    54.308094    2.763212    0.011649    0.006776    1150    all
163    68.181818    2.239684    0.032142    0.003872    418    all
164    22.976501    2.781324    0.004860    0.007865    1078    all
165    8.606557    3.445845    0.001975    0.006897    245    all
166    34.567901    1.825612    0.014313    0.007381    202    all
167    46.987952    2.677202    0.030646    0.007986    239    all
168    29.299363    1.665189    0.014263    0.007018    410    all
169    12.543554    2.534853    0.006189    0.004114    281    all
170    43.209877    2.887905    0.021899    0.007623    239    all
171    16.572238    3.263362    0.020377    0.008833    707    all
172    17.805755    3.421402    0.017912    0.006897    544    all
173    3.761755    3.168065    0.000807    0.007260    950    all
174    19.749216    1.442286    0.005143    0.008470    269    all
175    32.261641    2.234680    0.023003    0.007986    887    all
176    44.505495    2.565418    0.032617    0.007139    530    all
177    1.566580    3.530598    0.000279    0.009801    261    all
178    35.583942    2.528102    0.015790    0.007623    1089    all
179    36.292428    1.250633    0.020406    0.008591    1142    all
180    47.830803    3.533563    0.013558    0.010043    915    all
181    16.775033    0.121748    0.005404    0.006534    764    all
182    4.897959    2.753641    0.001375    0.007018    226    all
183    60.313316    1.838856    0.027808    0.004598    1132    all
184    35.500650    3.272912    0.008340    0.003751    764    all
185    33.917197    1.966301    0.012032    0.009075    629    all
186    29.553903    1.384821    0.018618    0.007139    526    all
187    20.689655    2.801564    0.013778    0.008349    463    all
188    27.931034    0.540962    0.013013    0.009075    290    all
189    34.816754    3.080314    0.017667    0.007744    1142    all
190    27.184466    3.071157    0.014205    0.008107    283    all
191    17.684211    2.333663    0.002945    0.008772    476    all
192    59.007833    2.831484    0.037743    0.008107    1145    all
193    60.461538    2.421479    0.020929    0.003267    645    all
194    45.169713    1.022223    0.023540    0.005082    1142    all
195    43.656716    3.669479    0.018398    0.006655    514    all
196    0.000000    1.511486    0.001676    0.006776    934    all
197    20.833333    1.853743    0.005841    0.008954    708    all
198    27.937337    2.763025    0.018146    0.008107    1150    all
199    69.379015    3.120809    0.036679    0.004961    927    all
200    28.396947    2.619373    0.016347    0.008349    643    all
201    40.434783    3.437455    0.014614    0.006655    231    all
202    31.168831    2.119438    0.010897    0.007623    463    all
203    29.503916    2.423815    0.014899    0.006897    1150    all
204    50.476190    3.862801    0.034754    0.008954    631    all
205    28.459530    1.921475    0.000552    0.006897    1150    all
206    13.636364    3.377077    0.020563    0.009559    246    all
207    0.000000    2.628783    0.001131    0.009559    1150    all
208    14.332784    1.737442    0.019566    0.006776    606    all
209    2.349869    2.771888    0.010044    0.007986    1142    all
210    33.466135    2.358488    0.010553    0.009196    244    all
211    45.627376    1.399441    0.016488    0.007562    261    all
212    59.268930    4.067738    0.001366    0.006171    1014    all
213    17.746479    3.270065    0.004596    0.005566    344    all
214    65.217391    2.337221    0.021289    0.010164    457    all
215    17.910448    3.060326    0.012612    0.006171    336    all
216    2.158273    2.782060    0.001665    0.006050    535    all
217    31.779661    3.653644    0.027800    0.010406    232    all
218    47.033898    2.120075    0.031702    0.007381    223    all
219    43.728814    1.088889    0.022122    0.008349    295    all
220    9.399478    1.538200    0.003247    0.008107    1145    all
221    51.102204    0.462514    0.016044    0.006655    497    all
222    46.475196    3.192340    0.021676    0.008107    1148    all
223    28.981723    2.991067    0.008564    0.008470    1149    all
224    44.890511    2.916571    0.028615    0.009075    809    all
225    4.477612    2.074772    0.001895    0.008107    260    all
226    37.223587    0.279246    0.031610    0.005263    809    all
227    25.389755    1.891207    0.017124    0.008349    438    all
228    20.245399    3.261944    0.019690    0.004840    317    all
229    15.926893    1.689043    0.006925    0.003993    1138    all
230    30.383212    3.569548    0.020157    0.006897    1086    all
231    0.000000    3.974159    0.001078    0.005929    1149    all
232    10.833333    2.053149    0.001209    0.008712    361    all
233    33.159269    2.204024    0.021697    0.008591    1149    all
234    28.506787    2.936332    0.022276    0.005929    201    all
235    4.177546    2.941479    0.002023    0.009317    1019    all
236    50.865052    2.461247    0.030338    0.007744    577    all
237    8.355091    3.259923    0.000766    0.004598    1150    all
238    16.449086    2.564608    0.007082    0.009438    1149    all
239    41.715976    2.073911    0.021172    0.008349    327    all
240    57.692308    1.023930    0.036567    0.009680    235    all
241    40.470297    3.721243    0.015015    0.007381    807    all
242    8.616188    3.484676    0.001451    0.008228    1021    all
243    50.431034    2.155432    0.007173    0.008228    233    all
244    34.449761    3.556376    0.021607    0.010164    208    all
245    25.337838    0.207851    0.014377    0.004598    889    all
246    26.109661    3.483368    0.011773    0.003993    1139    all
247    38.498789    2.325310    0.013327    0.009196    403    all
248    1.827676    3.350839    0.000691    0.007986    1129    all
249    38.181818    1.876084    0.014184    0.008712    428    all
250    36.565097    2.644902    0.008962    0.006897    354    all
251    22.304833    2.139921    0.018812    0.003146    263    all
252    14.410480    3.014430    0.005438    0.003751    913    all
253    40.948276    3.149401    0.021336    0.007018    635    all
254    54.149378    2.661132    0.023826    0.008833    478    all
255    0.000000    3.873663    0.000730    0.007865    1150    all
256    20.104439    4.169304    0.016776    0.009317    1134    all
257    4.014599    2.313916    0.003931    0.008591    820    all
258    28.337875    2.623556    0.015802    0.006655    1067    all
259    20.541401    2.833372    0.008204    0.003993    627    all
260    26.072961    2.745344    0.007429    0.008591    800    all
261    30.131004    2.454193    0.016709    0.007623    215    all
262    38.181818    3.468747    0.016728    0.006050    258    all
263    45.861733    1.521625    0.026099    0.008954    1028    all
264    41.232227    3.866383    0.016938    0.007744    417    all
265    60.069444    3.379270    0.033163    0.008833    859    all
266    15.297450    3.964168    0.009721    0.010285    698    all
267    21.671018    2.754738    0.013582    0.007744    1133    all
268    35.770235    0.810864    0.022440    0.004840    1150    all
269    0.000000    2.742753    0.000847    0.009801    1150    all
270    32.637076    3.187444    0.007544    0.005082    1150    all
271    37.336815    1.581140    0.016957    0.004961    1150    all
272    40.469974    2.610009    0.020420    0.006776    1150    all
273    4.438642    2.672341    0.000266    0.007139    1150    all
274    18.750000    1.915783    0.009399    0.009559    337    all
275    44.334975    1.467168    0.034191    0.006776    803    all
276    18.078176    3.195760    0.008108    0.009801    585    all
277    18.015666    3.498835    0.002764    0.011616    1150    all
278    25.538793    3.692349    0.024490    0.007744    923    all
279    48.620690    2.453766    0.026285    0.007260    286    all
280    2.610966    2.685361    0.000807    0.005808    1150    all
281    54.675119    2.310850    0.025166    0.008228    614    all
282    31.718062    1.867299    0.007840    0.008833    212    all
283    32.637076    3.143004    0.015696    0.009075    1148    all
284    22.641509    1.741186    0.010125    0.009801    247    all
285    1.305483    3.524585    0.000985    0.005687    1113    all
286    21.409922    2.735952    0.009244    0.004598    909    all
287    13.343558    3.107145    0.007041    0.008349    649    all
288    38.120104    3.733695    0.000624    0.010285    1119    all
289    43.321300    2.244347    0.022629    0.009317    264    all
290    10.704961    2.956262    0.007826    0.005566    1150    all
291    2.752294    1.889604    0.001123    0.005687    322    all
292    30.248619    1.424650    0.001417    0.006776    668    all
293    14.615385    2.684885    0.003025    0.004840    389    all
294    0.000000    3.624916    0.000256    0.005203    1136    all
295    41.826923    2.673782    0.009620    0.007986    209    all
296    19.889503    0.810852    0.004402    0.006534    338    all
297    54.658385    2.444537    0.033032    0.005808    473    all
298    21.702128    1.013271    0.008367    0.008349    899    all
299    13.577023    4.159458    0.005128    0.007139    1150    all
300    31.070496    1.417105    0.020170    0.004235    1150    all
301    39.189189    2.555261    0.019608    0.009801    203    all
302    2.610966    2.031727    0.000476    0.003509    1141    all
303    50.785340    1.694377    0.018978    0.007986    571    all
304    0.522193    0.851889    0.000704    0.011616    1132    all
305    34.582133    2.819070    0.027034    0.008833    348    all
306    25.571726    3.230344    0.013605    0.008349    481    all
307    25.977654    3.418550    0.011173    0.007139    347    all
308    22.923588    3.171045    0.015779    0.008833    298    all
309    37.974684    2.008279    0.025182    0.009680    475    all
310    41.413043    2.829356    0.001504    0.006292    795    all
311    59.717868    2.680490    0.017417    0.010406    639    all
312    44.404332    0.389094    0.012157    0.006776    545    all
313    12.271540    1.306890    0.002433    0.009438    1124    all
314    12.793734    3.355064    0.000606    0.008833    1147    all
315    8.720930    2.051300    0.008048    0.005687    498    all
316    12.650602    3.590363    0.001139    0.008228    830    all
317    36.956522    2.198017    0.010458    0.011616    258    all
318    46.351931    3.464230    0.038471    0.007744    214    all
319    12.834225    1.721922    0.005528    0.003509    935    all
320    31.070496    3.366547    0.016431    0.004235    1139    all
321    16.112532    1.388350    0.005956    0.008228    780    all
322    13.838120    3.080497    0.005677    0.005808    1126    all
323    21.932115    2.407817    0.023053    0.004719    1146    all
324    21.014493    1.423523    0.015174    0.006171    415    all
325    41.514360    2.409584    0.017221    0.009075    1150    all
326    8.915305    1.837501    0.002740    0.008349    673    all
327    37.168142    2.120913    0.010220    0.007139    213    all
328    31.629393    2.804682    0.015876    0.007865    308    all
329    2.088773    4.077740    0.000249    0.006413    1150    all
330    2.088773    0.241569    0.000715    0.008349    1145    all
331    30.414747    3.410621    0.020471    0.003267    217    all
332    0.000000    0.859984    0.001040    0.009559    1150    all
333    40.731070    1.130885    0.017650    0.006292    1150    all
334    18.750000    2.667247    0.017169    0.007381    561    all
335    13.584906    2.089231    0.000716    0.005082    873    all
336    20.104439    2.602324    0.003480    0.004840    1147    all
337    28.198433    1.108999    0.015956    0.003146    1149    all
338    28.459530    3.126256    0.010285    0.003146    1146    all
339    0.000000    3.759787    0.000421    0.007139    1036    all
340    16.195373    2.007952    0.000305    0.003630    280    all
341    7.446809    1.957313    0.004552    0.004719    244    all
342    66.141732    1.637818    0.035187    0.005324    249    all
343    49.856734    0.427411    0.016535    0.008470    699    all
344    29.862700    2.240435    0.020909    0.005082    854    all
345    22.518160    2.081543    0.016132    0.008228    396    all
346    45.098039    3.723066    0.016849    0.007260    917    all
347    14.895470    3.592820    0.000491    0.005808    1048    all
348    70.093458    1.805008    0.033352    0.007865    215    all
349    22.566372    2.663742    0.003213    0.004174    215    all
350    60.280374    1.116977    0.001118    0.008712    211    all
351    23.768737    3.390775    0.000965    0.003751    300    all
352    8.865586    0.840311    0.001563    0.006534    789    all
353    0.000000    1.417103    0.000568    0.003872    593    all
354    60.948081    3.476552    0.029290    0.010285    442    all
355    12.676056    2.375312    0.002922    0.006534    214    all
356    42.424242    2.081340    0.001121    0.008954    321    all
357    42.654028    0.418658    0.023002    0.005082    210    all
358    28.247602    3.043605    0.008243    0.003509    898    all
359    33.766234    1.701377    0.022319    0.005203    224    all
360    0.000000    1.391417    0.001433    0.006050    238    all
361    38.793103    2.526987    0.009994    0.008712    465    all
362    20.539419    3.040671    0.010904    0.003146    465    all
363    40.820734    3.081166    0.026080    0.007139    464    all
364    55.813953    0.437119    0.029310    0.010527    359    all
365    20.960699    0.776647    0.022288    0.006534    216    all
366    30.188679    1.094891    0.006638    0.006050    287    all
367    2.059497    3.157967    0.000800    0.008954    310    all
368    62.585034    2.649008    0.021103    0.003993    434    all
369    40.087336    3.404758    0.017620    0.006655    1131    all
370    43.529412    0.926941    0.011152    0.003509    511    all
371    26.732673    2.187703    0.007315    0.009256    294    all
372    36.585366    2.074430    0.001397    0.005808    287    all
373    25.139665    2.878410    0.019903    0.004114    359    all
374    1.149425    3.121787    0.001711    0.004598    200    all
375    31.413613    3.476848    0.015109    0.003630    570    all
376    12.534819    2.532824    0.001051    0.007260    204    all
377    36.046512    0.685886    0.014592    0.005203    239    all
378    47.872340    0.166904    0.025738    0.007018    276    all
379    46.443515    2.978279    0.027911    0.003509    457    all
380    12.582781    2.344947    0.001888    0.006413    888    all
381    41.721854    3.796222    0.008972    0.008228    836    all
382    36.421725    1.095491    0.023936    0.008712    291    all
383    24.324324    4.023580    0.001265    0.006292    276    all
384    8.713693    3.361575    0.001779    0.007139    471    all
385    5.468750    0.600587    0.000707    0.004598    299    all
386    60.138249    3.018009    0.020390    0.003146    417    all
387    0.000000    0.676908    0.000192    0.003388    322    all
388    31.818182    0.334419    0.009807    0.007139    231    all
389    32.978723    4.317199    0.011443    0.007744    266    all
390    38.870432    2.549764    0.027632    0.005445    283    all
391    54.418605    0.989815    0.031457    0.003872    209    all
392    12.121212    1.943548    0.009335    0.010527    365    all
393    31.698113    1.903949    0.008746    0.007502    265    all
394    38.383838    2.606877    0.023449    0.008349    284    all
395    41.729323    3.720773    0.032075    0.006655    249    all
396    59.611231    2.790878    0.023018    0.005324    458    all
397    24.622030    2.320247    0.020969    0.004719    452    all
398    20.066890    3.420738    0.007280    0.007744    260    all
399    31.103679    3.616813    0.013814    0.007744    255    all
400    71.266968    2.231984    0.029227    0.007744    398    all
401    37.837838    1.510313    0.013483    0.008349    205    all
402    33.161157    1.611374    0.020485    0.006776    968    all
403    22.000000    1.045657    0.011313    0.008591    220    all
404    17.910448    2.729020    0.000851    0.009317    404    all
405    0.882353    1.728433    0.001162    0.007018    326    all
406    36.494845    3.249540    0.012042    0.007018    474    all
407    12.857143    2.047012    0.004543    0.009559    597    all
408    69.047619    3.616488    0.035389    0.007260    362    all
409    24.800000    2.186300    0.016542    0.007986    1122    all
410    46.779661    3.709560    0.013054    0.006171    277    all
411    54.919908    3.905904    0.021161    0.008954    427    all
412    17.105263    2.432404    0.010631    0.006776    211    all
413    9.633028    0.188717    0.001602    0.007139    429    all
414    37.894737    2.006255    0.023465    0.009559    271    all
415    41.208791    0.457641    0.027914    0.006534    522    all
416    40.000000    1.461942    0.021613    0.005082    206    all
417    18.432769    1.585099    0.005529    0.008833    1099    all
418    28.346457    1.055324    0.018972    0.008712    253    all
419    5.010438    1.393944    0.000513    0.007986    952    all
420    18.210863    3.703045    0.020772    0.009922    625    all
421    1.382488    2.983587    0.000350    0.008893    426    all
422    36.123348    2.473834    0.023876    0.005203    677    all
423    52.655889    0.283786    0.010512    0.007865    348    all
424    47.113164    3.038383    0.017354    0.003751    434    all
425    3.658537    1.742995    0.003102    0.007623    402    all
426    56.756757    0.354623    0.016799    0.008470    349    all
427    51.301115    2.351221    0.025006    0.006897    265    all
428    38.434164    3.853509    0.019039    0.008833    540    all
429    32.805071    1.613700    0.023157    0.007502    625    all
430    22.998873    1.876257    0.004251    0.004356    811    all
431    57.142857    1.743071    0.045886    0.008712    531    all
432    20.853081    0.305574    0.003798    0.003751    633    all
433    39.867110    3.064309    0.031285    0.005324    297    all
434    28.911565    3.786544    0.017178    0.003509    883    all
435    19.047619    1.301833    0.007353    0.003751    876    all
436    41.836735    2.955124    0.019198    0.009438    883    all
437    18.279570    0.318841    0.004980    0.006413    269    all
438    60.215054    2.880918    0.020663    0.005687    274    all
439    31.914894    2.687231    0.014472    0.008107    648    all
440    16.413374    1.860330    0.017425    0.003872    651    all
441    42.500000    1.390018    0.028320    0.004114    471    all
442    28.512397    2.535224    0.014346    0.007744    480    all
443    8.108108    1.345961    0.001250    0.008470    1091    all
444    43.511450    0.246652    0.033370    0.005324    359    all
445    26.129032    2.788414    0.007845    0.007623    305    all
446    33.333333    1.402733    0.019228    0.005929    215    all
447    22.695035    2.377170    0.011984    0.006534    842    all
448    1.224490    0.175459    0.027333    0.009075    725    all
449    1.034483    2.509667    0.001634    0.008591    278    all
450    43.292683    2.069191    0.024216    0.007502    481    all
451    35.424354    3.081426    0.019524    0.009075    255    all
452    53.164557    3.337305    0.013616    0.007986    291    all
453    21.716649    3.666909    0.034483    0.010043    915    all
454    26.190476    3.934475    0.020998    0.008712    501    all
455    16.626506    1.816878    0.001954    0.007744    394    all
456    33.609959    2.197854    0.017604    0.009075    240    all
457    26.694915    2.771884    0.012619    0.006050    226    all
458    61.111111    2.889949    0.032407    0.008228    635    all
459    44.444444    2.836164    0.022155    0.007623    377    all
460    43.793103    1.006509    0.027526    0.009075    866    all
461    40.342298    3.590026    0.024866    0.007986    397    all
462    40.959410    0.135037    0.017539    0.007018    265    all
463    34.332425    3.527388    0.019748    0.007865    735    all
464    35.294118    3.273837    0.003970    0.007623    259    all
465    69.902913    2.869989    0.025010    0.007623    201    all
466    22.270742    2.115928    0.005474    0.004840    216    all
467    19.921875    3.156974    0.010292    0.009559    235    all
468    78.597786    2.483656    0.034721    0.008349    265    all
469    34.741144    0.418254    0.028583    0.008591    724    all
470    29.545455    1.531537    0.016892    0.008107    519    all
471    23.364486    2.830426    0.023229    0.007865    205    all
472    0.000000    2.558134    0.000375    0.007260    523    all
473    38.560411    3.162456    0.015509    0.010285    750    all
474    34.413965    3.497881    0.021223    0.008349    384    all
475    30.673317    1.992723    0.023664    0.007260    392    all
476    27.675277    2.451104    0.003223    0.007260    271    all
477    8.955224    2.160214    0.001045    0.007018    241    all
478    49.350649    1.642474    0.022332    0.004356    204    all
479    38.013699    2.834008    0.016268    0.009438    287    all
480    41.208791    0.750873    0.026153    0.010769    1081    all
481    39.560440    3.619807    0.020620    0.008107    634    all
482    40.760870    4.919638    0.009645    0.010164    368    all
483    12.500000    2.949622    0.003485    0.008228    710    all
484    41.823899    3.591495    0.020861    0.004235    955    all
485    21.428571    0.813912    0.031309    0.005445    440    all
486    8.354430    0.334448    0.008766    0.007018    312    all
487    43.014706    2.432967    0.020607    0.009317    264    all
488    0.694444    3.255706    0.022463    0.010164    422    all
489    51.470588    1.845954    0.019403    0.007381    200    all
490    26.582278    3.769063    0.004447    0.006413    389    all
491    0.349650    2.936119    0.001075    0.003872    848    all
492    55.555556    1.557396    0.017150    0.008470    217    all
493    51.674641    3.113362    0.024630    0.008470    200    all
494    28.934010    2.125720    0.006330    0.007381    288    all
495    26.605505    3.353356    0.015552    0.004719    638    all
496    6.557377    3.461239    0.001312    0.008591    338    all
497    33.802817    1.931160    0.017724    0.008591    1063    all
498    19.095941    2.732841    0.001319    0.010406    1082    all
499    20.984456    3.264699    0.015809    0.009317    356    all
500    31.457801    1.948157    0.015258    0.006413    378    all
501    47.812500    0.923820    0.019911    0.007986    617    all
502    35.873388    2.227917    0.023088    0.008107    852    all
503    34.615385    3.112351    0.015829    0.009196    529    all
504    47.169811    2.451729    0.023801    0.009559    297    all
505    28.923767    2.719875    0.019202    0.005566    441    all
506    7.602339    4.202053    0.008151    0.008954    484    all
507    50.239234    3.919627    0.026707    0.007381    205    all
508    19.396552    1.284275    0.023631    0.006050    456    all
509    27.906977    2.953546    0.021136    0.009196    363    all
510    55.976676    0.303050    0.021026    0.010164    327    all
511    68.674699    3.806249    0.039954    0.010527    250    all
512    49.492386    1.272020    0.029943    0.005324    370    all
513    32.957746    3.333071    0.020494    0.008833    349    all
514    43.106796    3.092755    0.015894    0.004598    465    all
515    25.403226    1.636440    0.010586    0.006897    240    all
516    7.287449    1.943561    0.001644    0.009075    239    all
517    32.432432    2.992880    0.028331    0.008349    398    all
518    33.396226    3.644252    0.019049    0.008349    522    all
519    53.846154    2.107738    0.029418    0.008228    586    all
520    12.600969    2.777633    0.005039    0.011011    615    all
521    21.787709    0.574037    0.010464    0.005808    1074    all
522    41.052632    2.463155    0.018761    0.008228    264    all
523    35.789474    2.753419    0.000614    0.008591    264    all
524    50.902527    3.250786    0.037376    0.008833    270    all
525    26.344086    2.424299    0.014048    0.006534    551    all
526    48.000000    1.720413    0.029519    0.008954    371    all
527    45.120000    4.051513    0.027790    0.003388    625    all
528    24.358974    2.920287    0.002246    0.007260    217    all
529    6.456241    3.463494    0.000554    0.009559    439    all
530    7.114625    2.058293    0.003278    0.010648    507    all
531    23.324397    2.150106    0.006030    0.009922    364    all
532    47.033898    2.833148    0.025578    0.008470    236    all
533    49.600000    2.100666    0.031506    0.007381    367    all
534    25.744934    2.490786    0.017038    0.007260    828    all
535    31.034483    1.073960    0.015282    0.009317    724    all
536    0.000000    1.899532    0.001019    0.007865    775    all
537    39.177102    3.502990    0.019077    0.007139    548    all
538    28.977273    1.866894    0.000781    0.008470    207    all
539    55.940594    2.977090    0.022626    0.007199    586    all
540    53.750000    0.482677    0.005946    0.009922    240    all
541    49.833887    3.076518    0.029647    0.010043    302    all
542    44.101633    1.180184    0.031521    0.007986    548    all
543    0.000000    3.475112    0.027410    0.009075    587    all
544    48.333333    1.666038    0.017843    0.005203    361    all
545    29.149798    3.895061    0.024852    0.009438    212    all
546    43.973941    1.828135    0.026157    0.008833    913    all
547    39.080460    3.527858    0.011990    0.005566    229    all
548    33.333333    1.314891    0.029924    0.006897    311    all
549    78.040541    2.487963    0.037583    0.009196    294    all
550    33.236152    2.830905    0.014794    0.003146    631    all
551    20.603015    1.670526    0.009866    0.007744    597    all
552    52.631579    0.808631    0.033653    0.009438    280    all
553    22.110553    3.362153    0.004902    0.004477    454    all
554    25.095057    2.136212    0.016874    0.008712    261    all
555    41.554054    2.066328    0.020803    0.008228    277    all
556    59.322034    1.902221    0.030415    0.010043    346    all
557    73.728814    2.881651    0.039396    0.008954    353    all
558    35.744681    1.472455    0.013740    0.006413    230    all
559    10.009533    3.489240    0.000416    0.010043    725    all
560    63.870968    2.778574    0.039470    0.010648    307    all
561    30.769231    2.953609    0.011757    0.009922    313    all
562    8.391608    1.109966    0.002582    0.004537    265    all
563    32.456140    2.655774    0.009634    0.007744    302    all
564    46.753247    3.139097    0.021803    0.004477    232    all
565    32.012195    3.482503    0.016149    0.006776    325    all
566    36.956522    3.713847    0.023256    0.009317    276    all
567    53.038674    1.507581    0.018559    0.007744    357    all
568    45.077720    1.283675    0.013172    0.005808    551    all
569    5.853659    2.117202    0.002754    0.003267    203    all
570    1.734104    3.783098    0.001104    0.008833    314    all
571    65.201465    3.377922    0.036716    0.009801    807    all
572    44.092219    3.337434    0.029835    0.006171    345    all
573    31.832797    3.050601    0.020706    0.006897    301    all
574    0.000000    4.056969    0.000789    0.003751    311    all
575    37.681159    3.561519    0.002834    0.007986    350    all
576    34.661355    2.769308    0.012099    0.007744    249    all
577    4.417178    1.713238    0.016298    0.007986    811    all
578    0.000000    0.372030    0.001746    0.003751    336    all
579    40.955631    2.934579    0.031225    0.003267    584    all
580    13.333333    2.164121    0.003245    0.008107    493    all
581    54.385965    2.556631    0.036223    0.006110    342    all
582    26.744186    3.346124    0.016944    0.008833    211    all
583    30.882353    2.411007    0.006247    0.007260    338    all
584    21.842496    3.139168    0.011742    0.006050    669    all
585    0.000000    1.004862    0.000630    0.008954    408    all
586    39.344262    4.127303    0.025673    0.008712    605    all
587    40.791738    3.155746    0.017847    0.004961    556    all
588    33.276451    3.139220    0.014420    0.008591    574    all
589    32.142857    3.559096    0.017810    0.003509    337    all
590    32.231405    3.161851    0.009274    0.007986    215    all
591    29.640719    1.751176    0.012044    0.007744    321    all
592    63.035019    2.487002    0.025811    0.008470    487    all
593    43.027888    1.465794    0.031303    0.008833    245    all
594    9.909910    1.800813    0.002934    0.005566    334    all
595    24.788136    2.197817    0.006931    0.009680    450    all
596    63.689095    3.152712    0.026357    0.011979    858    all
597    43.058824    3.427026    0.029664    0.008349    424    all
598    45.391304    3.303470    0.023680    0.008228    574    all
599    44.831880    3.365103    0.019836    0.005203    796    all
600    0.834492    2.978031    0.001625    0.011132    693    all
601    18.181818    0.362838    0.004832    0.007260    292    all
602    20.447907    2.740933    0.013086    0.007502    1026    all
603    2.390438    1.934781    0.001970    0.008833    236    all
604    56.729131    1.250555    0.029738    0.004961    580    all
605    27.881041    0.378624    0.016224    0.003993    245    all
606    17.325228    3.075161    0.005860    0.009196    219    all
607    37.570093    2.358237    0.001431    0.010043    476    all
608    32.250000    4.620388    0.027674    0.010769    788    all
609    9.603659    3.280008    0.002657    0.005808    610    all
610    20.527859    3.256649    0.011822    0.009438    1016    all
611    20.149254    3.610588    0.004634    0.004961    237    all
612    28.371278    2.847665    0.023789    0.006413    541    all
613    54.640981    2.268390    0.021799    0.008349    564    all
614    1.578947    2.487599    0.001278    0.009196    355    all
615    35.526316    2.929412    0.024940    0.008470    346    all
616    34.710744    1.946191    0.007884    0.008349    236    all
617    25.102041    2.049752    0.000401    0.011011    417    all
618    44.933921    4.032254    0.031291    0.008833    228    all
619    36.381710    3.554131    0.028722    0.008349    500    all
620    24.223602    2.718639    0.014529    0.009075    319    all
621    40.186916    0.100936    0.029024    0.007986    311    all
622    19.066148    1.068999    0.010484    0.004840    705    all
623    23.321555    2.003486    0.022748    0.008470    565    all
624    65.702479    1.808694    0.024294    0.005082    215    all
625    57.552870    2.573997    0.034012    0.008712    653    all
626    54.237288    2.092770    0.031511    0.003993    703    all
627    1.224490    3.185875    0.000582    0.003388    376    all
628    37.571157    3.916489    0.031930    0.008954    452    all
629    51.388889    0.725890    0.019764    0.008107    204    all
630    35.207101    2.866595    0.017966    0.009559    995    all
631    34.892541    2.227249    0.009804    0.007744    791    all
632    35.031847    3.767482    0.012976    0.008349    451    all
633    41.030195    2.142150    0.018976    0.007623    551    all
634    52.623688    3.186091    0.028308    0.003993    666    all
635    33.740831    1.143537    0.019192    0.007623    377    all
636    0.000000    0.000000    0.000517    0.007623    921    all
637    55.932203    0.134554    0.024839    0.006292    229    all
638    13.865546    3.095843    0.001392    0.004114    472    all
639    27.272727    3.258969    0.011724    0.008712    236    all
640    54.983923    1.699842    0.021032    0.009196    277    all
641    10.370370    0.110863    0.003272    0.008228    375    all
642    5.398458    2.325329    0.004410    0.007744    373    all
643    17.608696    0.958537    0.011346    0.006776    396    all
644    35.237069    2.068412    0.019471    0.008712    927    all
645    20.517560    3.022051    0.007157    0.003267    420    all
646    30.241935    2.366653    0.010252    0.009438    207    all
647    25.620655    2.180770    0.001144    0.008591    965    all
648    44.594595    0.138309    0.017662    0.005324    335    all
649    45.323741    3.069865    0.012918    0.008954    553    all
650    28.352490    3.739746    0.012647    0.008591    757    all
651    57.256461    2.208921    0.020361    0.006534    1003    all
652    37.241379    1.777809    0.018085    0.003267    404    all
653    67.045455    2.692796    0.030744    0.011858    260    all
654    28.752260    2.342552    0.001899    0.007381    438    all
655    8.823529    2.092395    0.001249    0.005929    299    all
656    62.612036    3.197641    0.028468    0.008591    781    all
657    35.820896    1.872085    0.010422    0.008349    202    all
658    22.455090    0.726382    0.006701    0.008591    989    all
659    59.708738    1.659331    0.020250    0.004114    400    all
660    60.700389    2.015677    0.034320    0.006050    250    all
661    35.840708    2.588353    0.018745    0.009075    216    all
662    15.368852    2.267524    0.002391    0.008228    462    all
663    35.167464    1.847233    0.020709    0.007986    405    all
664    31.067961    3.401734    0.018707    0.005687    310    all
665    24.590164    0.866345    0.017709    0.004235    534    all
666    32.846715    3.108765    0.024649    0.006050    541    all
667    29.479769    2.002754    0.006278    0.008228    505    all
668    28.571429    3.415079    0.023488    0.003630    236    all
669    56.390977    0.844117    0.021169    0.008470    249    all
670    30.000000    2.433587    0.013367    0.005445    233    all
671    45.454545    2.321925    0.000734    0.009075    435    all
672    26.813472    1.882998    0.013963    0.009680    764    all
673    47.891566    0.193550    0.014798    0.006413    313    all
674    35.229358    1.697604    0.006779    0.003388    538    all
675    35.294118    3.460569    0.018903    0.007804    219    all
676    38.828338    1.288955    0.017630    0.004598    723    all
677    38.495575    2.228321    0.006283    0.007260    212    all
678    36.156352    3.635368    0.021517    0.008712    305    all
679    40.331492    3.595342    0.026240    0.009075    542    all
680    31.055901    3.301575    0.010998    0.008954    482    all
681    38.621586    2.523794    0.018508    0.009680    770    all
682    20.454545    0.392997    0.003597    0.007260    202    all
683    43.043478    1.240508    0.032670    0.006413    407    all
684    58.620690    2.465696    0.024053    0.006776    277    all
685    45.497630    2.213943    0.027727    0.008712    208    all
686    42.592593    0.258789    0.031524    0.009559    485    all
687    22.925764    3.805336    0.013260    0.005808    420    all
688    22.173913    3.274483    0.010638    0.008591    202    all
689    42.737430    1.528559    0.022279    0.008712    343    all
690    27.935223    0.324726    0.017524    0.005203    988    all
691    47.112462    3.800171    0.022839    0.008833    984    all
692    30.390738    0.271498    0.011587    0.008833    667    all
693    35.958904    2.653511    0.007275    0.009075    240    all
694    15.517241    3.652343    0.010965    0.006776    233    all
695    8.362369    1.876474    0.013662    0.007018    275    all
696    16.917293    2.942019    0.017679    0.010769    218    all
697    36.206897    1.709377    0.029720    0.007986    513    all
698    40.037594    2.294152    0.027878    0.003872    491    all
699    32.917706    2.888514    0.023073    0.009317    392    all
700    42.253521    2.177082    0.021844    0.008470    279    all
701    32.581967    2.629543    0.013168    0.008107    477    all
702    63.396226    2.006953    0.038998    0.003388    528    all
703    17.013233    2.683408    0.002814    0.003751    525    all
704    62.443439    2.094196    0.031740    0.006292    218    all
705    28.326180    0.386531    0.012787    0.009196    233    all
706    36.036036    2.654222    0.013796    0.011011    312    all
707    42.030848    3.222765    0.001405    0.013431    742    all
708    67.259786    3.425405    0.030488    0.007865    271    all
709    28.366762    4.439991    0.000701    0.003509    326    all
710    17.714286    0.582389    0.009058    0.008591    514    all
711    44.244604    1.731487    0.023329    0.007865    271    all
712    29.136691    2.735353    0.019926    0.003509    272    all
713    20.727273    2.297820    0.013262    0.009317    275    all
714    41.498559    2.282802    0.024391    0.006171    304    all
715    39.812332    2.350146    0.011541    0.008591    549    all
716    29.960053    1.558485    0.018075    0.009075    747    all
717    30.422535    2.819763    0.013455    0.005687    354    all


