---------------------------------
    Results for GMC_DMSO_Day6.avi 
---------------------------------
Raw data:
Particle    BPM    Bend Measure    Speed    Area    Appears in frames    Region
0    2.349869    0.371961    0.000600    0.003993    1150    all
1    31.886228    0.239646    0.019217    0.004356    668    all
2    39.919355    2.062791    0.009885    0.003388    232    all
3    3.033088    3.400463    0.011127    0.005626    1087    all
4    37.597911    1.961251    0.019150    0.007744    1142    all
5    18.282548    1.437532    0.007415    0.003267    1059    all
6    0.261097    0.000000    0.000875    0.003267    1128    all
7    28.720627    3.264951    0.011271    0.004235    1150    all
8    48.735020    1.534448    0.012762    0.006292    751    all
9    14.146341    0.189098    0.000490    0.006171    494    all
10    30.769231    2.220097    0.013516    0.008530    233    all
11    13.577023    2.122179    0.000868    0.007865    1150    all
12    0.000000    2.765338    0.001099    0.008349    402    all
13    32.882883    2.639066    0.017496    0.008591    608    all
14    18.537859    4.539579    0.007053    0.003630    1147    all
15    43.269231    1.677904    0.028566    0.004477    200    all
16    8.877285    2.984503    0.002057    0.008470    1033    all
17    41.975309    2.075797    0.017054    0.007018    244    all
18    36.857143    2.770949    0.015200    0.008712    348    all
19    42.506812    1.303899    0.000644    0.007381    360    all
20    24.900000    2.466729    0.007824    0.004477    994    all
21    33.161954    3.250059    0.021411    0.003872    387    all
22    51.692308    4.119738    0.020919    0.007986    325    all
23    0.000000    4.507533    0.000575    0.007865    974    all
24    42.366412    2.184525    0.000697    0.007865    972    all
25    0.000000    1.541124    0.000695    0.005566    1148    all
26    54.569191    1.955203    0.023315    0.005687    1146    all
27    11.749347    3.292474    0.000656    0.003993    1150    all
28    13.577023    0.667978    0.008379    0.005445    1150    all
29    25.848564    0.807836    0.015046    0.003388    1123    all
30    33.453237    1.648364    0.026822    0.005203    278    all
31    40.206186    2.219813    0.020846    0.007623    965    all
32    9.921671    2.112852    0.003165    0.004356    1147    all
33    48.063380    2.854625    0.017512    0.007139    561    all
34    12.367021    3.089404    0.045212    0.006897    752    all
35    19.230769    2.954816    0.003909    0.007018    232    all
36    4.444444    4.158030    0.001204    0.006050    635    all
37    43.342037    4.573182    0.000460    0.007260    1150    all
38    24.713959    0.304301    0.000573    0.008591    366    all
39    58.746736    2.792583    0.032211    0.003146    379    all
40    19.380888    4.436336    0.006482    0.006534    726    all
41    48.800000    4.061529    0.021415    0.007139    748    all
42    31.070496    1.627470    0.003493    0.007623    1150    all
43    25.568182    2.459519    0.013657    0.003146    529    all
44    33.442623    2.205403    0.006026    0.011374    305    all
45    16.502947    3.677662    0.014230    0.007502    475    all
46    1.066351    1.767538    0.001150    0.008712    839    all
47    0.000000    1.082429    0.000897    0.008954    208    all
48    28.758170    0.133305    0.013244    0.005203    458    all
49    8.355091    3.033765    0.004752    0.004961    1073    all
50    25.494071    3.732572    0.023177    0.005687    449    all
51    2.734731    3.155101    0.021399    0.007744    1069    all
52    4.438642    1.477414    0.000703    0.004840    1140    all
53    37.075718    3.640424    0.005405    0.007865    1149    all
54    37.859008    2.944247    0.023040    0.009922    1149    all
55    26.716141    0.300488    0.014895    0.006171    539    all
56    12.010444    3.027137    0.000544    0.006655    1150    all
57    45.595855    3.431315    0.000990    0.004477    374    all
58    36.000000    2.067283    0.078931    0.009317    401    all
59    34.844193    3.316224    0.012847    0.007865    335    all
60    36.986301    2.770225    0.015606    0.007018    644    all
61    0.000000    0.324431    0.000570    0.009196    676    all
62    10.000000    3.229477    0.007114    0.003630    802    all
63    23.237598    2.308425    0.009471    0.007018    889    all
64    8.936170    3.505635    0.015823    0.004840    236    all
65    37.334802    2.642882    0.021307    0.005687    706    all
66    13.066202    1.371192    0.001512    0.003872    1093    all
67    9.660574    1.640430    0.002319    0.004598    1120    all
68    43.080940    4.038030    0.017569    0.005082    1150    all
69    8.877285    1.257352    0.001779    0.007865    1148    all
70    22.976501    2.434101    0.007272    0.007986    1118    all
71    0.000000    2.228731    0.001428    0.007078    1053    all
72    28.351648    2.740411    0.019002    0.004598    435    all
73    44.647520    2.930023    0.001157    0.005324    1138    all
74    17.754569    3.468139    0.000306    0.005203    1149    all
75    46.067416    0.329463    0.023083    0.008409    514    all
76    27.676240    1.954048    0.000396    0.006413    1008    all
77    39.406780    1.074347    0.016278    0.007623    236    all
78    22.715405    2.405070    0.007863    0.006655    995    all
79    0.000000    0.986290    0.000284    0.006171    1150    all
80    49.928876    1.913264    0.020366    0.004235    694    all
81    24.020888    2.106597    0.007081    0.005687    1149    all
82    41.284404    1.885276    0.011390    0.004840    212    all
83    31.070496    0.356978    0.012546    0.007986    1150    all
84    40.992167    2.180026    0.022584    0.003993    1130    all
85    14.968815    1.390317    0.008831    0.008470    474    all
86    15.926893    3.090788    0.000980    0.004598    1128    all
87    13.315927    2.635502    0.000652    0.008107    963    all
88    8.355091    3.052971    0.001182    0.006776    1136    all
89    30.491803    2.781723    0.010977    0.006171    306    all
90    9.988519    2.734274    0.007198    0.007381    865    all
91    31.547017    2.408608    0.019968    0.007804    982    all
92    12.156863    3.014642    0.006282    0.007744    682    all
93    53.185596    2.724226    0.032589    0.005566    360    all
94    0.000000    2.798770    0.000627    0.007381    243    all
95    29.378531    2.555122    0.020567    0.007865    531    all
96    22.715405    3.904340    0.011412    0.005082    1146    all
97    1.657459    1.690975    0.000687    0.007260    748    all
98    19.494585    1.949928    0.006164    0.008349    269    all
99    45.882353    3.214771    0.011631    0.007139    244    all
100    1.044386    1.988480    0.002511    0.008288    1150    all
101    28.222997    0.814459    0.015459    0.007623    254    all
102    41.253264    2.293637    0.013395    0.005263    1142    all
103    41.033435    1.996169    0.009774    0.005203    320    all
104    16.971279    0.733930    0.004676    0.003872    1148    all
105    30.548303    3.636944    0.010571    0.004961    1140    all
106    21.311475    3.459470    0.000330    0.005082    211    all
107    23.498695    2.521036    0.009456    0.009922    1148    all
108    2.027027    3.153771    0.000800    0.007018    400    all
109    16.449086    2.923831    0.014393    0.009196    1150    all
110    0.000000    3.366197    0.000566    0.008470    1146    all
111    14.621410    2.041931    0.001696    0.004356    992    all
112    28.244275    2.324500    0.014113    0.003993    385    all
113    25.326371    1.903002    0.015557    0.005929    1131    all
114    30.727763    2.765412    0.014150    0.009559    707    all
115    37.007874    0.704738    0.021700    0.003993    747    all
116    24.721604    1.212867    0.016923    0.013552    450    all
117    18.435754    1.910449    0.027302    0.007865    315    all
118    0.000000    3.100300    0.000651    0.008651    1150    all
119    6.005222    1.398654    0.000418    0.007502    1126    all
120    49.086162    1.571963    0.021231    0.005203    1143    all
121    41.250000    2.583622    0.024775    0.004235    224    all
122    29.242820    1.175912    0.016456    0.008228    1150    all
123    0.000000    1.632779    0.001378    0.003267    202    all
124    16.153846    2.022897    0.000279    0.007502    495    all
125    33.039648    2.548215    0.009778    0.003872    226    all
126    54.569191    3.893684    0.021857    0.006050    1150    all
127    42.643392    2.378882    0.020150    0.006171    402    all
128    38.729508    2.354074    0.000495    0.008591    479    all
129    11.180124    3.362053    0.009746    0.007623    591    all
130    0.000000    1.920779    0.001289    0.007986    454    all
131    58.224543    2.932602    0.024001    0.006292    1150    all
132    32.637076    2.819280    0.011651    0.006413    1150    all
133    27.173913    1.229139    0.011064    0.008954    812    all
134    31.318681    1.829894    0.019538    0.007744    365    all
135    55.522388    4.300106    0.027389    0.006292    325    all
136    15.404700    2.215678    0.012025    0.009075    1149    all
137    33.807829    2.687505    0.018739    0.007744    842    all
138    26.415094    1.049701    0.018393    0.009317    635    all
139    32.038835    1.357720    0.016301    0.007623    207    all
140    5.649718    3.369186    0.003767    0.007865    1028    all
141    13.838120    3.867575    0.012488    0.006534    1149    all
142    4.177546    2.289044    0.007074    0.007623    1150    all
143    5.744125    0.129009    0.001548    0.006655    1150    all
144    34.986945    2.009851    0.013464    0.005082    1149    all
145    47.093023    1.321794    0.020884    0.004840    681    all
146    21.932115    3.012234    0.010335    0.006413    1148    all
147    18.276762    2.192492    0.000988    0.005929    1148    all
148    47.389558    3.785395    0.017176    0.006897    746    all
149    26.104972    0.706882    0.019176    0.005808    532    all
150    38.551402    0.351369    0.020068    0.003146    394    all
151    28.421053    1.803676    0.000484    0.003993    201    all
152    24.691358    2.057553    0.009430    0.008470    969    all
153    9.459459    2.631585    0.004420    0.008167    407    all
154    12.000000    0.598818    0.009326    0.006534    386    all
155    31.062670    0.224433    0.008976    0.003872    355    all
156    26.785714    2.151308    0.014505    0.005929    278    all
157    41.169451    2.371204    0.027163    0.003993    823    all
158    4.703833    3.409442    0.000405    0.008954    943    all
159    55.833333    1.869362    0.001155    0.007381    254    all
160    25.221239    3.796925    0.020485    0.007865    207    all
161    29.126214    2.121976    0.015406    0.009075    207    all
162    24.250681    3.454701    0.013732    0.007865    784    all
163    34.437086    0.138261    0.015934    0.004114    374    all
164    28.361345    3.090457    0.018452    0.004719    475    all
165    24.759285    0.330930    0.006295    0.007502    703    all
166    37.781109    3.025530    0.020817    0.004840    641    all
167    30.594901    1.307910    0.019064    0.006413    342    all
168    36.857143    2.055036    0.009321    0.003146    321    all
169    4.302103    2.168639    0.000489    0.005445    992    all
170    19.770774    3.379120    0.014455    0.007744    240    all
171    10.622010    1.951787    0.002160    0.005566    1016    all
172    19.911504    2.129429    0.012651    0.008228    212    all
173    30.592105    0.881591    0.011932    0.004356    280    all
174    21.600000    3.451167    0.025163    0.008470    248    all
175    38.709677    2.234796    0.013984    0.006655    275    all
176    23.611111    0.916052    0.018500    0.005687    407    all
177    36.834320    3.930939    0.018234    0.005808    675    all
178    29.497908    1.941555    0.007084    0.009559    374    all
179    29.411765    0.233094    0.019318    0.008470    610    all
180    33.232170    3.249409    0.002034    0.004356    648    all
181    45.125348    2.003048    0.009787    0.006050    713    all
182    29.761905    1.980172    0.016605    0.008349    502    all
183    39.914163    1.616588    0.023380    0.009438    932    all
184    45.387454    2.007405    0.002117    0.008470    254    all
185    33.506494    0.887144    0.034262    0.008107    379    all
186    13.043478    0.904419    0.009654    0.007502    309    all
187    28.111888    1.121186    0.019300    0.004598    703    all
188    37.179487    3.421015    0.021881    0.003751    201    all
189    6.097561    3.587698    0.001876    0.004961    980    all
190    3.184713    2.729095    0.000992    0.005445    374    all
191    27.850163    3.619781    0.016959    0.008228    610    all
192    39.285714    3.000471    0.001434    0.008349    245    all
193    26.582278    3.588921    0.028366    0.010285    226    all
194    13.975155    1.087139    0.004063    0.009438    262    all
195    42.077922    1.606424    0.018424    0.006050    357    all
196    20.307692    1.855733    0.000490    0.010890    307    all
197    29.545455    1.425844    0.014933    0.003993    397    all
198    0.000000    2.605744    0.003356    0.006534    254    all
199    32.635983    0.705054    0.006262    0.003267    214    all
200    18.014706    2.928955    0.002265    0.004961    808    all
201    18.556701    2.676514    0.009119    0.003630    291    all
202    41.924399    0.518911    0.021080    0.004719    767    all
203    47.435897    3.382387    0.006562    0.008470    226    all
204    38.372093    3.910675    0.017702    0.011374    588    all
205    31.578947    1.920241    0.012729    0.009317    280    all
206    34.108527    1.618528    0.017476    0.008228    695    all
207    18.081181    4.689030    0.008312    0.008349    699    all
208    21.524664    3.367963    0.002406    0.004719    349    all
209    46.607143    1.358753    0.010872    0.004598    530    all
210    50.943396    1.805159    0.023271    0.004356    263    all
211    48.675497    1.862204    0.012491    0.006292    251    all
212    2.090592    0.378933    0.000089    0.003872    261    all
213    24.264706    3.054323    0.023691    0.006655    271    all
214    47.209821    2.799539    0.025599    0.007986    862    all
215    21.518987    2.842937    0.013474    0.006413    685    all
216    20.979021    1.874511    0.009236    0.007623    284    all
217    31.740614    0.966124    0.021108    0.007502    230    all
218    1.941748    2.847869    0.001209    0.003993    304    all
219    54.867257    2.532581    0.032656    0.008470    336    all
220    12.110092    2.536758    0.004730    0.007865    532    all
221    46.587031    0.708735    0.024857    0.006171    557    all
222    43.700787    1.106396    0.021393    0.008712    216    all
223    35.097493    3.259670    0.025546    0.004598    351    all
224    48.672566    0.932478    0.019029    0.006655    670    all
225    0.000000    4.274469    0.001533    0.005082    261    all
226    16.245487    0.217086    0.012230    0.004356    246    all
227    38.125000    0.227255    0.023228    0.007381    481    all
228    29.577465    1.284073    0.004883    0.004356    269    all
229    34.661355    4.286428    0.020098    0.007139    233    all
230    20.031056    4.050104    0.005607    0.004356    544    all
231    24.489796    2.477302    0.000341    0.006413    389    all
232    18.103448    3.435351    0.010087    0.008107    573    all
233    22.608696    3.291903    0.001949    0.007744    343    all
234    46.578947    2.766416    0.017110    0.006292    360    all
235    0.000000    0.993776    0.000788    0.008833    267    all
236    20.952381    2.113271    0.006681    0.006171    312    all
237    27.866473    1.648683    0.018446    0.005687    690    all
238    38.751814    2.210935    0.015719    0.005082    689    all
239    42.175066    1.023776    0.022003    0.004840    376    all
240    32.563510    2.132507    0.015546    0.007260    865    all
241    45.358090    2.471034    0.026822    0.007865    366    all
242    32.824427    2.043946    0.013996    0.005566    342    all
243    35.755814    3.732363    0.014290    0.007865    677    all
244    0.436047    3.940384    0.004118    0.007744    631    all
245    0.000000    3.722232    0.000543    0.007744    501    all
246    48.425197    0.766122    0.020216    0.007865    244    all
247    48.679245    3.006419    0.027340    0.008107    202    all
248    15.730337    0.465035    0.000635    0.008833    266    all
249    11.791908    1.767710    0.015671    0.005324    852    all
250    22.471910    0.000000    0.010374    0.010043    266    all
251    36.486486    3.526186    0.026143    0.010769    222    all
252    31.262525    2.251862    0.015889    0.003630    993    all
253    24.043716    2.024164    0.017840    0.006292    368    all
254    33.574007    1.348066    0.017641    0.008349    266    all
255    43.496802    2.495059    0.025083    0.008954    462    all
256    28.301887    2.611323    0.023538    0.005324    259    all
257    34.554974    1.555149    0.014300    0.008349    571    all
258    8.606557    2.434432    0.005535    0.006534    237    all
259    23.232323    3.066892    0.004098    0.004356    559    all
260    8.462238    1.899032    0.009610    0.006292    1089    all
261    30.084746    0.208023    0.021527    0.008228    691    all
262    52.615385    0.717978    0.023045    0.004961    325    all
263    21.615721    2.139554    0.006653    0.006534    448    all
264    0.000000    1.074924    0.001104    0.007502    345    all
265    49.893390    3.659074    0.019847    0.008470    465    all
266    24.203822    3.265326    0.012095    0.005445    353    all
267    0.000000    0.344311    0.000306    0.005929    236    all
268    26.434426    2.637391    0.000670    0.006171    321    all
269    42.391304    1.910022    0.021828    0.006413    435    all
270    35.714286    1.030181    0.006715    0.010164    228    all
271    32.908163    2.655679    0.000668    0.007865    264    all
272    0.000000    3.043001    0.000457    0.007260    437    all
273    2.090592    0.855720    0.000161    0.006776    247    all


