---------------------------------
    Results for N2_Day6.avi 
---------------------------------
Raw data:
Particle    BPM    Bend Measure    Speed    Area    Appears in frames    Region
0    38.120104    2.108314    0.014193    0.008470    1149    all
1    9.574468    3.196159    0.001065    0.005808    840    all
2    9.204545    1.659635    0.002946    0.006715    851    all
3    40.780142    3.590117    0.028721    0.007381    841    all
4    20.930233    2.062744    0.018646    0.008954    250    all
5    39.164491    0.812205    0.022045    0.006897    1143    all
6    2.349869    2.131871    0.001270    0.010406    1150    all
7    35.770235    3.280962    0.009255    0.007865    1145    all
8    44.210526    3.662562    0.019479    0.007865    224    all
9    39.166667    2.940437    0.011856    0.008470    719    all
10    36.292428    4.449753    0.016313    0.008712    1150    all
11    18.237082    4.097825    0.013599    0.007139    327    all
12    8.877285    2.434913    0.000353    0.007260    960    all
13    37.075718    2.613103    0.019610    0.008107    1147    all
14    51.396648    3.006567    0.032470    0.006534    536    all
15    0.000000    2.154898    0.000457    0.008591    1150    all
16    45.909091    1.548430    0.036166    0.010648    632    all
17    19.047619    2.271090    0.010612    0.010043    240    all
18    23.498695    3.113356    0.013178    0.006292    1123    all
19    26.370757    3.090762    0.012138    0.007623    1143    all
20    41.253264    2.887521    0.001217    0.008833    943    all
21    7.610147    1.209083    0.001669    0.010527    736    all
22    20.710059    1.144455    0.017703    0.010406    1003    all
23    62.367223    3.811336    0.031401    0.008712    660    all
24    33.398438    2.510459    0.017134    0.008833    508    all
25    33.206107    2.930610    0.022812    0.010285    1044    all
26    0.000000    0.987367    0.001567    0.006171    237    all
27    28.720627    2.820383    0.007225    0.009075    1148    all
28    52.768730    2.560596    0.021846    0.010043    907    all
29    12.328767    1.552274    0.001564    0.010890    267    all
30    48.859935    1.059306    0.034760    0.005687    306    all
31    6.266319    1.373010    0.000393    0.006413    1115    all
32    45.430809    2.162865    0.019909    0.004477    1150    all
33    43.873518    2.653607    0.025268    0.008228    253    all
34    34.725849    3.895920    0.017214    0.006534    1133    all
35    30.288462    2.151844    0.028828    0.009680    999    all
36    30.548303    3.599201    0.024235    0.011616    1132    all
37    32.114883    3.484995    0.020705    0.006655    1150    all
38    37.500000    0.956193    0.013868    0.005445    315    all
39    43.396226    4.327885    0.034499    0.007381    469    all
40    0.522193    2.416498    0.000853    0.005082    1150    all
41    31.206294    2.251100    0.006754    0.005687    961    all
42    39.329268    2.924594    0.024020    0.006897    650    all
43    33.942559    3.683754    0.012709    0.009801    1150    all
44    34.464752    3.999314    0.011802    0.007260    1142    all
45    35.880399    3.309316    0.003191    0.006534    299    all
46    11.227154    0.488601    0.000762    0.003267    1147    all
47    27.415144    2.387978    0.017047    0.011616    1145    all
48    3.676471    2.773123    0.000929    0.007502    575    all
49    24.804178    0.183261    0.019440    0.005203    1150    all
50    17.493473    1.259392    0.004064    0.004840    1150    all
51    42.201835    3.329813    0.017956    0.009438    638    all
52    17.429577    2.279722    0.008219    0.009922    563    all
53    22.591362    3.608900    0.006338    0.005929    889    all
54    28.834356    4.298224    0.023854    0.006655    475    all
55    40.736479    1.607730    0.018523    0.010406    863    all
56    33.710801    3.754292    0.024008    0.007139    1082    all
57    10.033445    1.378535    0.001097    0.011011    289    all
58    62.140992    3.358533    0.029089    0.007260    1149    all
59    31.331593    1.401776    0.028205    0.012100    1139    all
60    60.855784    1.690631    0.027117    0.010043    631    all
61    0.783290    1.823979    0.001403    0.003751    1100    all
62    48.695652    2.534502    0.016997    0.008470    325    all
63    18.537859    2.811951    0.010998    0.009740    1147    all
64    51.464435    1.756858    0.025020    0.008712    475    all
65    27.147239    1.823914    0.016833    0.006050    643    all
66    23.961661    2.898387    0.005184    0.012342    285    all
67    21.148825    2.887757    0.002686    0.007018    1148    all
68    23.498695    2.900968    0.000586    0.008712    1149    all
69    40.566038    3.618772    0.015863    0.006292    316    all
70    26.571429    1.942742    0.023361    0.008107    351    all
71    38.846881    2.738113    0.029483    0.009317    1050    all
72    13.245033    2.031380    0.024479    0.005203    453    all
73    41.013825    3.297564    0.017368    0.008107    644    all
74    38.405797    2.805367    0.022219    0.008833    415    all
75    22.715405    3.192488    0.015079    0.007260    1150    all
76    30.246190    1.535232    0.001404    0.004840    630    all
77    1.305483    1.815260    0.000490    0.010043    1150    all
78    35.248042    3.442244    0.011792    0.009075    1150    all
79    30.809399    2.719460    0.009631    0.008833    1135    all
80    22.715405    0.921534    0.007204    0.004114    1134    all
81    25.384615    1.710966    0.021650    0.009438    648    all
82    42.036554    3.079162    0.018602    0.009801    1150    all
83    41.747573    1.345916    0.002888    0.009317    280    all
84    36.553525    3.158536    0.015732    0.008349    1150    all
85    1.566580    2.983669    0.001215    0.008833    1128    all
86    14.553991    3.636123    0.004024    0.005203    629    all
87    44.387755    2.420287    0.022264    0.008107    568    all
88    41.428571    2.555787    0.021096    0.003509    420    all
89    17.837838    0.578638    0.034039    0.004235    723    all
90    29.765013    2.058684    0.012183    0.010285    1150    all
91    60.109290    3.901540    0.029063    0.007260    549    all
92    29.765013    3.880691    0.017334    0.009438    1131    all
93    51.176471    2.832111    0.026357    0.005324    843    all
94    15.143603    1.886472    0.001754    0.004961    1150    all
95    44.125326    1.737475    0.014351    0.011979    1140    all
96    41.649269    4.249163    0.015984    0.010406    956    all
97    45.953003    0.277182    0.014989    0.004961    1146    all
98    7.142857    1.375706    0.006027    0.010043    242    all
99    30.150754    1.698157    0.000615    0.004235    574    all
100    31.194690    2.094887    0.024756    0.009559    453    all
101    34.203655    3.365379    0.016554    0.007381    1150    all
102    16.193182    1.356615    0.009510    0.003146    353    all
103    25.099602    3.376000    0.010950    0.007139    244    all
104    11.016949    2.495212    0.005596    0.006050    349    all
105    28.981723    1.965639    0.000640    0.005324    1101    all
106    29.189189    3.474291    0.026116    0.011132    739    all
107    33.681462    2.977199    0.028710    0.004840    1150    all
108    0.522193    1.210823    0.000654    0.009559    1149    all
109    46.666667    1.861879    0.020590    0.010890    218    all
110    29.553903    3.002920    0.014567    0.006776    526    all
111    0.000000    2.927901    0.000466    0.009075    1149    all
112    28.484321    0.999391    0.014757    0.003146    1122    all
113    34.866828    1.310359    0.020109    0.007139    408    all
114    24.786325    1.331862    0.005480    0.003267    352    all
115    37.123746    1.289489    0.006434    0.008349    239    all
116    9.399478    4.185714    0.000747    0.009317    1150    all
117    56.920684    3.581349    0.029606    0.006655    623    all
118    18.666667    1.010277    0.009326    0.005687    206    all
119    7.049608    1.852590    0.000511    0.010285    1150    all
120    52.219321    0.592597    0.023731    0.008712    1144    all
121    26.630435    2.207385    0.021496    0.005687    548    all
122    49.455677    2.398934    0.025507    0.003993    642    all
123    37.859008    3.394143    0.021671    0.005384    1147    all
124    26.966292    1.544605    0.010120    0.007018    799    all
125    54.569191    1.888631    0.016460    0.003751    1146    all
126    13.577023    0.295752    0.005296    0.012100    1147    all
127    27.395716    3.092050    0.007299    0.006413    874    all
128    39.164491    1.705113    0.018878    0.008833    1148    all
129    42.281879    2.437010    0.038688    0.008833    1040    all
130    10.000000    2.037188    0.002533    0.011918    420    all
131    28.202765    0.936762    0.011962    0.009680    1084    all
132    27.906977    0.997853    0.012732    0.005324    254    all
133    18.886199    1.845366    0.008635    0.007502    408    all
134    8.093995    0.103556    0.003008    0.007623    1141    all
135    30.652174    1.172811    0.016198    0.006776    459    all
136    40.469974    0.013094    0.019122    0.004356    1126    all
137    44.800000    3.230880    0.021353    0.007502    370    all
138    35.248042    3.029954    0.027532    0.007018    1147    all
139    24.281984    3.344653    0.009128    0.007139    1148    all
140    25.714286    3.087700    0.020176    0.009680    621    all
141    1.566580    3.505864    0.002726    0.009075    1150    all
142    64.918970    2.287551    0.040839    0.006776    1041    all
143    35.248042    1.298199    0.028293    0.009196    1149    all
144    36.317781    4.646493    0.014257    0.011616    790    all
145    44.341801    4.125333    0.011124    0.011253    424    all
146    5.113636    2.042341    0.001499    0.009075    526    all
147    8.750000    3.126641    0.003711    0.004961    474    all
148    16.971279    1.143353    0.013322    0.010648    1150    all
149    13.054830    1.653791    0.007305    0.007865    1143    all
150    17.493473    1.897566    0.002974    0.010890    1147    all
151    33.420366    3.332022    0.022903    0.009317    1134    all
152    52.741514    2.869232    0.015722    0.010527    1150    all
153    20.401046    1.127969    0.004629    0.005324    1046    all
154    45.232816    1.369671    0.028784    0.006897    452    all
155    16.971279    3.473571    0.002111    0.011132    1150    all
156    29.032258    1.294592    0.015728    0.005445    1115    all
157    30.324910    4.479496    0.010269    0.004114    832    all
158    30.000000    1.039477    0.014107    0.007502    629    all
159    41.733871    2.005533    0.028024    0.009317    495    all
160    48.825065    2.172848    0.026866    0.009075    1143    all
161    28.448276    2.675138    0.028293    0.009438    225    all
162    62.162162    2.595785    0.036306    0.008833    223    all
163    30.287206    2.112902    0.008485    0.004598    1147    all
164    30.769231    2.030828    0.027011    0.008833    1124    all
165    40.731070    2.230516    0.028170    0.010648    1150    all
166    25.459689    1.699410    0.008073    0.005021    675    all
167    34.203655    2.827886    0.011188    0.010164    1149    all
168    22.715405    1.739759    0.026681    0.004114    1144    all
169    0.000000    1.906235    0.000349    0.011374    1150    all
170    37.696335    1.744715    0.027402    0.009317    565    all
171    43.438914    2.113700    0.022184    0.006050    222    all
172    30.681818    1.337190    0.010700    0.011374    522    all
173    27.415144    2.075080    0.012003    0.004598    1135    all
174    33.681462    1.675333    0.023186    0.010890    1150    all
175    34.146341    2.364075    0.011903    0.008470    428    all
176    27.676240    2.564816    0.016248    0.008107    1147    all
177    20.918367    1.458237    0.012863    0.008712    543    all
178    52.941176    2.448598    0.022262    0.004356    314    all
179    23.759791    3.496021    0.008040    0.010648    1140    all
180    11.743772    0.643172    0.004856    0.011616    223    all
181    32.656827    0.169758    0.042430    0.005021    542    all
182    30.501931    2.499383    0.009743    0.004961    763    all
183    14.099217    0.145242    0.003963    0.008107    967    all
184    2.610966    2.082834    0.002896    0.005929    1150    all
185    34.464752    1.542503    0.025942    0.011979    1145    all
186    14.882507    1.701369    0.006743    0.007623    1149    all
187    30.693069    2.054464    0.012759    0.006171    894    all
188    37.075718    0.113691    0.020317    0.010890    1141    all
189    45.953003    3.117855    0.020125    0.008107    1142    all
190    35.380835    1.896166    0.015232    0.008470    397    all
191    23.693380    1.284925    0.021166    0.010527    862    all
192    24.110672    2.503039    0.015280    0.009801    758    all
193    58.224543    3.565116    0.037592    0.010648    1148    all
194    22.193211    1.408871    0.009435    0.005687    1147    all
195    19.692308    3.852490    0.005843    0.010527    973    all
196    37.974684    0.908666    0.025715    0.006897    237    all
197    58.959538    2.050091    0.036942    0.004598    512    all
198    31.279621    1.696047    0.014751    0.009559    418    all
199    13.327526    2.169695    0.002143    0.006897    1099    all
200    28.720627    3.811811    0.014982    0.010648    1145    all
201    3.884892    1.253041    0.000357    0.007018    691    all
202    20.104439    2.660067    0.017468    0.009801    1097    all
203    17.465753    3.287533    0.004600    0.007986    271    all
204    21.793417    3.582634    0.009834    0.012100    881    all
205    10.331633    1.301132    0.003034    0.006413    780    all
206    13.315927    2.069494    0.001058    0.010769    1145    all
207    48.825065    1.609077    0.024429    0.008228    1148    all
208    23.498695    2.365639    0.000534    0.005808    1149    all
209    27.187500    2.216093    0.000623    0.008349    637    all
210    25.587467    2.983867    0.003942    0.005203    1150    all
211    43.434343    2.408038    0.030261    0.008712    283    all
212    24.558140    2.359897    0.008217    0.003872    1071    all
213    9.138381    3.799048    0.001074    0.010406    1150    all
214    46.315789    1.474940    0.032028    0.007260    254    all
215    21.910112    3.343128    0.019348    0.010285    357    all
216    36.057692    4.048142    0.016536    0.008833    209    all
217    4.177546    3.048202    0.000687    0.010043    1126    all
218    13.577023    3.134722    0.002530    0.009075    1149    all
219    4.972376    2.022794    0.004385    0.010043    536    all
220    25.326371    0.410752    0.008041    0.007744    1148    all
221    47.698745    1.289018    0.033396    0.008107    479    all
222    22.193211    1.712029    0.012574    0.007623    1147    all
223    17.232376    2.859359    0.002564    0.003751    1092    all
224    36.117936    2.676549    0.014703    0.009075    407    all
225    16.089385    3.160639    0.006327    0.008228    896    all
226    60.313316    2.654748    0.017231    0.005203    1149    all
227    0.000000    2.695636    0.034062    0.008712    326    all
228    3.133159    2.280765    0.005285    0.010285    1150    all
229    20.264901    1.644331    0.011989    0.006413    754    all
230    35.904255    1.787405    0.014693    0.007623    1111    all
231    1.827676    3.665245    0.000882    0.009075    1150    all
232    32.592593    3.339426    0.014263    0.007381    405    all
233    1.522843    3.426721    0.001261    0.006655    388    all
234    65.028902    1.215687    0.028463    0.006171    346    all
235    43.864230    1.725670    0.012534    0.006413    1150    all
236    1.408451    3.483763    0.001329    0.006655    380    all
237    50.279330    2.061084    0.028871    0.009922    895    all
238    29.503916    2.484771    0.014310    0.008591    1150    all
239    21.649485    3.422272    0.006135    0.009438    230    all
240    0.000000    1.917753    0.000300    0.009680    1150    all
241    15.143603    1.016948    0.001348    0.007623    1146    all
242    20.887728    3.839845    0.009236    0.005203    1150    all
243    72.558140    1.884424    0.041585    0.007260    1071    all
244    23.232323    2.731424    0.007758    0.008470    283    all
245    5.483029    1.450619    0.000363    0.011616    1150    all
246    12.793734    1.166461    0.000252    0.004840    1150    all
247    19.843342    3.570585    0.011258    0.007986    1150    all
248    13.838120    4.848966    0.007331    0.008833    1146    all
249    51.780822    1.922609    0.022652    0.010164    361    all
250    41.704036    1.894538    0.023399    0.007683    209    all
251    15.926893    0.367165    0.004246    0.007744    1140    all
252    33.030647    1.962079    0.020975    0.003509    855    all
253    45.953003    0.703149    0.019409    0.010164    1148    all
254    42.537313    2.313290    0.014594    0.003872    256    all
255    7.531381    2.005620    0.000376    0.011374    399    all
256    46.887417    2.217523    0.014749    0.011858    730    all
257    35.135135    0.995452    0.022789    0.009922    763    all
258    33.027523    1.265298    0.011934    0.007139    200    all
259    32.192846    3.187474    0.019706    0.006776    638    all
260    31.987076    3.889301    0.013031    0.010527    614    all
261    30.182927    3.278164    0.014009    0.006292    309    all
262    19.247788    3.036156    0.005189    0.003751    427    all
263    3.400174    2.769089    0.002897    0.011616    963    all
264    37.880496    3.595943    0.011960    0.004961    887    all
265    1.302460    2.267092    0.000657    0.006292    521    all
266    36.638831    1.944446    0.021891    0.009438    950    all
267    26.126126    2.544793    0.013199    0.010406    326    all
268    14.754098    1.922702    0.003838    0.010648    599    all
269    24.645892    2.056963    0.013242    0.007139    348    all
270    78.160920    0.793045    0.046527    0.009438    262    all
271    15.000000    0.760810    0.001348    0.010043    328    all
272    28.871681    3.225408    0.032409    0.004114    892    all
273    48.616601    2.649623    0.027982    0.005324    241    all
274    28.708134    3.066839    0.003483    0.010769    204    all
275    29.302326    3.613364    0.008218    0.006171    205    all
276    48.071217    0.341107    0.035626    0.007865    326    all
277    27.988338    2.644459    0.017048    0.010406    338    all
278    26.603774    2.970897    0.010034    0.003993    519    all
279    40.021345    1.828033    0.024009    0.003872    929    all
280    26.865672    0.813060    0.016804    0.004477    862    all
281    76.442308    3.412504    0.029049    0.009075    202    all
282    17.529215    3.200934    0.016591    0.010285    576    all
283    66.393443    0.761622    0.022522    0.004598    229    all
284    37.019231    3.393467    0.018955    0.003267    619    all
285    58.895706    0.978998    0.022739    0.006171    490    all
286    7.317073    2.409675    0.004757    0.007502    304    all
287    25.449871    1.274439    0.010887    0.007018    385    all
288    15.606936    1.156200    0.009487    0.009559    836    all
289    32.883642    2.105451    0.023547    0.006776    584    all
290    42.331288    1.314286    0.030363    0.010527    327    all
291    16.009281    2.066404    0.002175    0.007260    844    all
292    37.065637    2.280407    0.023228    0.010406    752    all
293    44.594595    4.468172    0.028990    0.008409    592    all
294    27.863777    1.963829    0.001084    0.008712    209    all
295    73.891626    3.629177    0.048451    0.008591    202    all
296    1.875000    2.366468    0.001331    0.009075    313    all
297    50.865052    2.055950    0.040068    0.004961    577    all
298    26.267281    3.312073    0.017825    0.009559    648    all
299    35.944700    0.349391    0.016561    0.006655    645    all
300    42.857143    2.080305    0.011014    0.011253    206    all
301    42.016057    2.021438    0.017642    0.008591    1119    all
302    57.877814    1.191477    0.026261    0.008107    301    all
303    39.329268    0.957206    0.023812    0.004719    326    all
304    39.445438    3.764285    0.014924    0.009438    1117    all
305    16.254417    1.526091    0.007581    0.008833    679    all
306    40.963855    2.733244    0.019949    0.010648    250    all
307    18.719212    1.534431    0.005127    0.007502    568    all
308    22.529644    1.164394    0.014361    0.007986    990    all
309    6.797583    2.846610    0.010607    0.010285    663    all
310    5.863192    1.324252    0.053264    0.007623    270    all
311    48.859935    0.894276    0.022457    0.006897    270    all
312    43.283582    2.997240    0.006274    0.006292    383    all
313    13.313609    3.397251    0.032015    0.009317    332    all
314    40.594059    2.905415    0.027876    0.005082    302    all
315    7.920792    0.429517    0.001103    0.010406    300    all
316    48.870392    4.210100    0.016757    0.010285    834    all
317    53.864447    2.215530    0.025969    0.004961    825    all
318    27.804878    3.348211    0.015107    0.010648    204    all
319    35.117057    3.320668    0.031299    0.004598    296    all
320    9.424084    2.706628    0.001704    0.008470    426    all
321    42.592593    1.723606    0.025976    0.007260    636    all
322    9.722222    2.670165    0.024148    0.010285    214    all
323    62.992126    2.568853    0.032052    0.005566    377    all
324    27.197802    3.962507    0.017817    0.008470    343    all
325    35.119048    2.364312    0.030511    0.003267    446    all
326    41.603053    1.691266    0.024454    0.009680    774    all
327    33.566434    1.707609    0.015591    0.008470    425    all
328    0.000000    3.071453    0.000782    0.010769    1095    all
329    36.751361    4.098082    0.018538    0.011555    1086    all
330    42.940604    3.148741    0.016886    0.009559    1013    all
331    66.818182    1.681560    0.039385    0.007381    218    all
332    41.592920    1.322748    0.035271    0.009317    598    all
333    0.000000    3.269046    0.000617    0.010769    703    all
334    33.975904    2.934763    0.023663    0.009196    830    all
335    0.000000    3.789479    0.000780    0.010043    790    all
336    8.633094    4.596748    0.001725    0.009559    482    all
337    35.793358    2.762260    0.022229    0.007381    771    all
338    28.391167    1.349257    0.016057    0.004235    303    all
339    30.633803    3.589499    0.012506    0.007744    206    all
340    26.582278    3.385935    0.016502    0.008530    551    all
341    27.272727    2.330027    0.019690    0.011979    336    all
342    33.240997    2.952541    0.010481    0.011616    317    all
343    36.000000    2.484774    0.017860    0.010406    531    all
344    18.214286    4.155508    0.009393    0.012342    237    all
345    24.411135    3.665961    0.008638    0.009075    464    all
346    44.047619    2.380439    0.039740    0.012523    247    all
347    38.709677    0.301948    0.016165    0.007260    280    all
348    29.241877    1.792981    0.017685    0.009075    269    all
349    29.370629    2.880822    0.001201    0.009438    228    all
350    18.202247    3.937601    0.015528    0.009438    420    all
351    38.181818    3.541996    0.014441    0.008470    248    all
352    39.114391    2.787683    0.016856    0.003872    804    all
353    44.444444    1.853665    0.026820    0.009680    503    all
354    47.419355    1.838075    0.025278    0.008228    248    all
355    38.724728    2.774985    0.020733    0.008833    642    all
356    39.304813    2.160961    0.019011    0.007623    737    all
357    36.321627    2.269596    0.010454    0.009922    1065    all
358    0.000000    1.377482    0.019502    0.011374    835    all
359    24.000000    2.483807    0.012141    0.007139    225    all
360    21.150278    1.066396    0.001625    0.012463    467    all
361    44.021739    2.803365    0.011198    0.009680    347    all
362    15.555556    2.137920    0.014782    0.007139    271    all
363    44.444444    2.446601    0.000619    0.007502    271    all
364    26.765799    3.801366    0.002120    0.009135    261    all
365    29.069767    4.058927    0.016388    0.009559    503    all
366    27.103960    3.424754    0.019216    0.007986    806    all
367    52.734375    3.093411    0.027537    0.009801    237    all
368    30.793157    1.335293    0.011496    0.004537    642    all
369    39.291217    2.129655    0.017505    0.007986    630    all
370    48.881789    3.479404    0.028673    0.010164    298    all
371    36.363636    3.411473    0.012570    0.005566    253    all
372    22.594142    2.748502    0.015834    0.011495    213    all
373    44.029851    2.044030    0.010696    0.009196    755    all
374    52.631579    2.701598    0.024396    0.011253    852    all
375    65.987780    0.821266    0.018801    0.004961    488    all
376    40.214477    3.544523    0.024290    0.007260    714    all
377    34.615385    2.992653    0.011172    0.009922    255    all
378    47.765363    2.979152    0.002466    0.008228    285    all
379    30.909091    3.063919    0.008168    0.006776    300    all
380    0.000000    2.881997    0.000643    0.010406    1059    all
381    25.862069    3.176459    0.000814    0.011495    211    all
382    0.561272    5.441712    0.001068    0.010285    924    all
383    44.912791    2.738336    0.026674    0.010648    666    all
384    20.618557    1.418413    0.004839    0.009922    276    all
385    18.136020    3.553120    0.000817    0.010769    391    all
386    37.428023    1.726362    0.012531    0.007018    513    all
387    33.658537    1.602235    0.015926    0.008954    200    all
388    4.743083    3.518719    0.003638    0.008107    236    all
389    38.799076    2.730888    0.033914    0.011979    368    all
390    0.845070    3.009914    0.000370    0.010164    706    all
391    12.895070    1.949652    0.007876    0.007865    730    all
392    12.235650    2.290101    0.000451    0.008833    430    all
393    56.341463    3.753342    0.024103    0.006413    409    all
394    10.843373    3.088393    0.004697    0.006171    250    all
395    35.923567    3.539188    0.021886    0.008833    652    all
396    0.000000    1.949637    0.000787    0.010043    419    all
397    36.257310    0.673683    0.006830    0.009801    509    all
398    39.095745    1.608706    0.016518    0.010527    370    all
399    46.394687    3.702782    0.021367    0.009922    1035    all
400    40.874036    0.872725    0.008736    0.008107    387    all
401    44.628099    3.067409    0.016989    0.009559    243    all
402    8.928571    2.649131    0.019286    0.004719    485    all
403    20.979021    3.430939    0.000954    0.012342    208    all
404    17.396907    1.452937    0.017819    0.007018    777    all
405    20.916335    0.376403    0.017173    0.007744    502    all
406    57.485030    2.622840    0.027789    0.003751    502    all
407    16.731518    2.840730    0.007322    0.007139    757    all
408    50.000000    0.445068    0.024814    0.006655    222    all
409    61.802575    3.834449    0.022032    0.009196    217    all
410    30.563003    2.615077    0.017935    0.009075    369    all
411    47.260274    1.389077    0.033132    0.010164    277    all
412    34.903846    1.934965    0.007504    0.011858    1033    all
413    47.590361    4.073664    0.017667    0.009498    491    all
414    27.272727    1.632724    0.000322    0.005445    273    all
415    38.286713    1.254044    0.010779    0.008954    568    all
416    38.492872    1.431122    0.023658    0.010769    492    all
417    31.683168    1.426706    0.013133    0.004598    504    all
418    42.081448    0.857316    0.029218    0.011132    222    all
419    0.000000    3.215938    0.001106    0.007139    929    all
420    27.149321    3.279411    0.020682    0.007381    216    all
421    32.164948    2.175444    0.024653    0.007865    446    all
422    65.277778    2.993069    0.030132    0.010285    206    all
423    54.794521    2.302493    0.007268    0.006413    203    all
424    41.284404    3.215423    0.023236    0.012342    219    all
425    43.069307    2.214620    0.014685    0.006655    201    all
426    38.550247    2.654034    0.012421    0.008833    590    all
427    2.054795    3.745631    0.000328    0.011132    687    all
428    12.080537    3.705576    0.003404    0.007865    297    all
429    32.661290    2.516560    0.017129    0.010527    729    all
430    45.728643    2.561902    0.011040    0.011011    577    all
431    38.761777    0.940974    0.020690    0.007139    736    all
432    32.142857    1.830682    0.012271    0.006776    466    all
433    27.510917    1.172764    0.007499    0.010043    221    all
434    20.886076    2.010081    0.007387    0.008107    474    all
435    58.193980    3.314081    0.028998    0.010164    267    all
436    13.953488    3.137390    0.000665    0.005203    456    all
437    57.547170    1.732886    0.017378    0.006655    312    all
438    31.343284    2.204749    0.013094    0.010406    247    all
439    16.887417    0.517642    0.003616    0.006413    293    all
440    11.641791    1.980525    0.001167    0.009801    640    all
441    35.294118    3.327793    0.014846    0.011737    201    all
442    34.661355    2.681453    0.030868    0.011011    249    all
443    51.330798    2.253762    0.035547    0.010164    263    all
444    26.850829    2.558281    0.022830    0.009922    880    all
445    35.123967    3.347822    0.015231    0.006776    717    all
446    25.581395    0.933509    0.012621    0.004235    243    all
447    38.114754    2.731558    0.023289    0.006897    239    all
448    22.758621    1.589462    0.014289    0.009801    280    all
449    48.704663    4.814217    0.014295    0.010285    553    all
450    27.075812    3.030862    0.007571    0.009922    519    all
451    37.086093    2.081580    0.014390    0.008107    454    all
452    26.982249    3.777807    0.009847    0.007018    839    all
453    39.726027    1.618129    0.023325    0.008349    658    all
454    27.615063    1.839036    0.009784    0.005324    475    all
455    19.463087    0.406259    0.005813    0.006534    328    all
456    40.273973    3.210409    0.026766    0.004477    343    all
457    36.562500    3.257142    0.017648    0.008954    317    all
458    34.340223    3.120158    0.005214    0.007381    630    all
459    17.372881    1.255121    0.005886    0.010043    697    all
460    58.348624    3.094306    0.018182    0.006776    543    all
461    16.483516    2.593723    0.001887    0.004840    365    all
462    37.500000    2.995877    0.027681    0.007623    206    all
463    59.673025    2.652119    0.016240    0.010890    367    all
464    29.508197    2.348988    0.017687    0.008228    235    all
465    34.310850    2.303480    0.021721    0.009801    339    all
466    18.535469    3.627839    0.000279    0.011132    438    all
467    0.000000    2.879579    0.001749    0.009438    398    all
468    25.358166    0.743661    0.005647    0.011979    699    all
469    36.637168    2.571423    0.028506    0.009680    486    all
470    0.656455    3.419073    0.000419    0.010043    312    all
471    58.513932    2.891850    0.028828    0.009075    954    all
472    40.972222    1.580989    0.006822    0.010164    433    all
473    46.418338    2.855051    0.025001    0.009075    341    all
474    26.327945    3.406009    0.017828    0.003630    432    all
475    45.521024    3.488056    0.001068    0.009317    437    all
476    27.545910    1.210260    0.007560    0.005203    578    all
477    21.802326    2.931338    0.004391    0.006050    689    all
478    17.843866    2.090881    0.014568    0.009075    235    all
479    30.143541    3.450698    0.005466    0.009196    205    all
480    23.166023    2.053940    0.008354    0.009075    244    all
481    38.028169    3.225933    0.016847    0.003872    422    all
482    46.588235    1.877675    0.008252    0.005445    421    all
483    44.298246    2.651104    0.024871    0.011011    668    all
484    18.662519    3.063557    0.005026    0.010043    574    all
485    33.785193    0.715421    0.010110    0.010285    948    all
486    16.504854    2.107491    0.017281    0.009075    280    all
487    45.283019    1.115665    0.014035    0.011495    303    all
488    31.279621    2.949181    0.023074    0.008954    422    all
489    32.567850    2.904613    0.025311    0.010164    941    all
490    32.579186    0.348052    0.025287    0.006413    205    all
491    36.602871    3.496219    0.025519    0.003388    399    all
492    44.582043    3.738337    0.018178    0.007018    645    all
493    51.079137    3.495709    0.012359    0.004477    416    all
494    36.111111    4.809470    0.028305    0.006292    305    all
495    32.374101    1.909652    0.009866    0.010890    405    all
496    39.663462    1.656910    0.018766    0.003872    415    all
497    27.514793    2.052677    0.014187    0.009317    677    all
498    52.519894    3.079265    0.028037    0.006776    378    all
499    19.518072    1.026328    0.008082    0.007623    393    all
500    12.289157    2.878071    0.004048    0.011253    402    all
501    48.461538    0.230891    0.024326    0.010406    389    all
502    40.425532    2.517276    0.024462    0.004840    283    all
503    38.434164    3.506756    0.019730    0.010527    280    all
504    47.272727    0.782480    0.007182    0.010406    301    all
505    40.219780    2.234327    0.012599    0.006897    909    all
506    19.873817    3.732051    0.006515    0.011374    943    all
507    35.806452    2.659036    0.016570    0.006897    311    all
508    48.595041    2.586032    0.028535    0.003630    600    all
509    19.070905    2.628112    0.011213    0.007986    410    all
510    13.202934    1.075297    0.017351    0.006776    410    all
511    23.529412    2.857400    0.023828    0.003267    334    all
512    34.049080    3.173305    0.013473    0.011616    633    all
513    25.518672    2.666049    0.022156    0.008954    470    all
514    74.678112    1.042578    0.031913    0.009196    228    all
515    49.752475    0.656880    0.012446    0.006171    404    all
516    39.261745    1.973920    0.023639    0.010648    893    all


